###dataset_number crossSection_fb kFactor genFiltEff sumWeights

# WWEWK signal
999999 17.74222134 1.0 1.0 3.485460e+05
# WWQCD
123456 13.90280947 1.0 1.0 6.270000e+05

# Polarization samples - the LL will be manually tagged as 666666 internally but saved as 999999 (signal), the TX will stay as 990031
666666 16.94    1.0 1.0 2880000
990031 16.94    1.0 1.0 2880000

#diboson
364284 53.155   1.0 1.0 3462295.75
364250 1363.900 1.0 1.0 412080.03125
364254 13816.0  1.0 1.0 333811.65625
364255 3634.4   1.0 1.0 286894.40625
363718 4351.2   1.0 1.0 26914814.0
363719 4966.8   1.0 1.0 9182654464.0

#triboson
364242 4.246  1.0 1.0     2281.84399414
364243 2.055  1.0 1.0     698.376525879
364244 4.101  1.0 1.0     1381.51013184
364245 0.217  1.0 1.0     221.041854858
364246 1.919  1.0 0.44581 1960.77514648
364336 10.847 1.0 0.46163 7888.02832031
364337 6.158  1.0 0.4551  4680.50439453
364338 49.463 1.0 0.32155 10805.3916016
364339 23.395 1.0 0.32049 3590.63842773
363507 19.649 1.0 0.43805 24848.5585938
363508 0.449  1.0 1.0     1722.93615723
363509 13.572 1.0 0.22139 51968.0742188

#ttx
410155 631.780 1.0 1.0 1576383.0
410218 44.382  1.0 1.0 35020.8515625
410219 44.391  1.0 1.0 36137.734375
410220 43.970  1.0 1.0 33608.2929688

#single top
410642 41915.0 3.6922 1.0 102195248.0
410643 25544.0 3.6517 1.0 62263868.0
410644 2222.6  3.1399 1.0 5272512.5
410645 1407.7  3.1392 1.0 3298587.0

#ttbar
410501 863860.0 1.0 0.54383 16773300224.0

#zjets
147806 2057.0e3 1.0 1.0 5000000.0
147807 2058.0e3 1.0 1.0 400000.0

#MG Wjets enu
363600 2.006000e+04 1.000000 0.828220 2.041483e+06
363601 2.006000e+04 1.000000 0.151140 2.075020e+05
363602 2.006000e+04 1.000000 0.024910 5.147087e+04
363603 9.284000e+02 1.000000 0.708180 7.073437e+05
363604 9.284000e+02 1.000000 0.242180 1.470757e+05
363605 9.284000e+02 1.000000 0.053170 3.598025e+04
363606 4.912000e+02 1.000000 0.663630 7.545091e+05
363607 4.912000e+02 1.000000 0.276490 7.927766e+04
363608 4.912000e+02 1.000000 0.080520 3.104226e+04
363609 1.544000e+02 1.000000 0.626710 7.159268e+05
363610 1.544000e+02 1.000000 0.286570 3.025947e+05
363611 154.4        1.000000 0.10806  7.679509e+04
363612 2.999000e+01 1.000000 0.572420 6.189911e+05
363613 2.999000e+01 1.000000 0.303750 2.718198e+05
363614 2.999000e+01 1.000000 0.125390 1.266751e+05
363615 1.178000e+01 1.000000 0.564790 7.973879e+05
363616 1.178000e+01 1.000000 0.312540 3.209027e+05
363617 1.178000e+01 1.000000 0.139140 1.590504e+05
363618 4.309000e+00 1.000000 0.533240 7.810541e+05
363619 4.309000e+00 1.000000 0.340060 3.134696e+05
363620 4.309000e+00 1.000000 0.148180 1.548813e+05
363621 1.626000e-01 1.000000 0.513470 2.497653e+05
363622 1.626000e-01 1.000000 0.364500 1.306335e+05
363623 1.626000e-01 1.000000 0.149580 6.687738e+04

#MG Wjets munu
363624 2.006000e+04 1.000000 0.826040 2.041351e+06
363625 2.006000e+04 1.000000 0.151030 2.078171e+05
363626 2.006000e+04 1.000000 0.027800 5.149091e+04
363627 9.284000e+02 1.000000 0.692560 7.051219e+05
363628 9.284000e+02 1.000000 0.235340 1.472955e+05
363629 9.284000e+02 1.000000 0.067790 3.582981e+04
363630 4.945000e+02 1.000000 0.674520 7.581363e+05
363631 4.945000e+02 1.000000 0.235670 7.947698e+04
363632 4.945000e+02 1.000000 0.075000 3.104226e+04
363633 1.544000e+02 1.000000 0.622840 6.712573e+05
363634 1.544000e+02 1.000000 0.281290 2.865943e+05
363635 1.544000e+02 1.000000 0.110090 7.679509e+04
363636 2.999000e+01 1.000000 0.600120 6.228029e+05
363637 2.999000e+01 1.000000 0.305210 2.717352e+05
363638 2.999000e+01 1.000000 0.117270 1.282183e+05
363639 1.178000e+01 1.000000 0.557830 7.971283e+05
363640 1.178000e+01 1.000000 0.301550 3.211861e+05
363641 1.178000e+01 1.000000 0.147930 1.593246e+05
363642 4.309000e+00 1.000000 0.537910 7.782812e+05
363643 4.309000e+00 1.000000 0.304400 3.124180e+05
363644 4.309000e+00 1.000000 0.176060 1.552420e+05
363645 1.626000e-01 1.000000 0.553400 2.534319e+05
363646 1.626000e-01 1.000000 0.324820 1.319629e+05
363647 1.626000e-01 1.000000 0.173810 6.680636e+04

#MG Wjets taunu
363648 2.003000e+04 1.000000 0.828080 2.040989e+06
363649 2.003000e+04 1.000000 0.151460 2.078467e+05
363650 2.003000e+04 1.000000 0.027970 5.148978e+04
363651 9.283000e+02 1.000000 0.696950 6.936646e+05
363652 9.283000e+02 1.000000 0.238110 1.471499e+05
363653 9.283000e+02 1.000000 0.042340 3.566576e+04
363654 4.931000e+02 1.000000 0.661780 7.431129e+05
363655 4.931000e+02 1.000000 0.339120 7.930764e+04
363656 4.931000e+00 1.000000 0.085140 3.118957e+04
363657 4.541000e+00 1.000000 0.622510 7.606479e+05
363658 1.541000e+02 1.000000 0.310200 2.829883e+05
363659 1.541000e+02 1.000000 0.093390 7.637019e+04
363660 30.26        1.000000 0.56637  6.189911e+05
363661 3.026000e+01 1.000000 0.290500 3.185550e+05
363662 30.26        1.000000 0.12433  1.266751e+05
363663 1.193000e+01 1.000000 0.554130 7.515869e+05
363664 1.193000e+01 1.000000 0.320010 3.187983e+05
363665 1.193000e+01 1.000000 0.124140 1.267598e+05
363666 4.351000e+00 1.000000 0.528220 7.947479e+05
363667 4.351000e+00 1.000000 0.313230 3.169402e+05
363668 4.351000e+00 1.000000 0.153630 1.569961e+05
363669 1.700000e-01 1.000000 0.496580 2.683149e+05
363670 1.700000e-01 1.000000 0.302400 1.172355e+05
363671 1.700000e-01 1.000000 0.166440 6.870653e+04
